494
186
176
882
351
722
300
587
191
201
697
699
861
386
719
732
871
710
821
107
226
400
896
711
466
580
82
390
325
681
218
641
276
430
906
116
993
868
388
525
499
664
796
122
285
495
133
708
668
826
309
540
579
181
216
544
689
734
277
930
550
727
332
519
623
221
511
205
158
304
422
595
406
607
224
121
584
432
207
198
288
364
263
345
640
942
368
382
392
571
657
536
230
875
783
128
568
464
252
797
951
995
284
738
187
916
682
334
417
58
469
556
643
69
423
527
210
684
675
132
973
781
439
816
493
438
517
576
486
988
66
92
239
862
629
219
605
231
427
933
822
275
778
513
37
812
297
747
130
48
864
818
902
278
144
572
34
858
932
611
706
562
9
825
537
457
262
204
270
213
891
266
394
718
41
437
884
910
505
601
707
251
54
872
961
963
330
534
970
982
804
153
968
895
813
869
730
944
165
118
585
720
255
168
23
453
644
751
994
443
164
214
935
570
516
123
347
686
859
324
820
912
557
111
801
717
421
76
280
18
129
949
945
22
83
620
194
287
281
974
669
10
599
803
787
850
478
481
852
383
258
454
563
74
666
886
976
508
807
28
559
529
269
387
246
238
67
651
606
760
483
762
874
921
510
473
765
349
264
883
407
671
996
49
243
692
468
395
327
197
724
832
608
705
371
135
594
798
569
24
53
44
770
703
140
743
721
948
482
189
649
913
739
161
624
370
273
290
240
139
586
642
188
102
597
590
893
241
598
931
339
25
713
593
772
532
851
358
543
824
426
39
166
42
716
952
379
786
667
962
13
163
424
95
31
411
245
171
286
298
925
303
860
359
30
305
40
1
844
242
233
126
142
472
889
964
830
105
185
609
992
917
947
182
259
936
731
526
415
343
768
903
27
45
462
315
77
617
338
602
256
283
879
647
555
156
957
541
870
174
547
401
460
878
222
323
551
694
616
93
795
898
502
648
209
615
745
385
965
79
52
655
956
761
915
991
117
250
212
823
489
306
530
312
307
208
678
369
403
195
524
467
311
63
625
474
220
817
756
855
652
299
680
533
685
451
835
29
138
808
656
143
257
603
831
757
985
600
90
674
380
577
463
108
60
373
987
865
531
981
318
790
5
225
149
50
109
780
375
124
853
101
592
442
152
274
173
331
167
899
504
137
228
71
621
714
847
329
693
953
183
794
500
934
199
353
558
806
61
354
2
223
946
979
470
148
235
663
398
215
450
340
282
888
362
926
141
47
604
413
11
160
863
983
268
553
914
634
966
897
434
856
8
46
217
6
754
854
452
737
445
485
989
742
381
15
488
574
735
940
120
626
440
704
635
564
291
418
960
633
810
842
384
967
791
448
503
391
670
733
923
301
154
771
528
357
575
33
639
755
662
938
475
876
702
292
487
613
157
342
672
788
295
521
877
412
696
125
997
972
444
73
848
811
506
7
725
179
873
715
428
885
752
638
515
265
378
84
361
57
941
583
479
87
628
845
261
679
880
764
96
819
990
410
260
36
159
779
554
496
545
112
700
749
954
829
911
110
352
900
612
16
237
78
833
892
839
998
471
289
619
355
80
691
91
535
538
419
147
134
573
802
928
446
127
431
950
272
857
119
596
567
389
589
88
769
905
314
393
741
203
103
975
293
887
51
561
244
673
356
104
374
958
377
841
777
698
56
774
227
740
341
3
984
211
449
904
344
35
248
688
907
659
169
971
476
308
461
748
402
805
404
498
753
317
645
81
319
622
86
881
849
455
310
409
435
660
683
582
85
999
249
184
929
918
922
136
980
1000
348
614
337
436
901
523
75
908
712
763
654
190
336
267
919
456
726
408
637
843
695
766
322
459
736
977
313
429
206
636
72
399
396
846
4
909
365
115
955
193
367
366
677
661
20
372
789
709
814
501
14
12
890
420
548
447
782
552
539
566
549
363
491
162
627
170
155
376
320
837
581
866
70
497
729
236
784
59
514
253
232
202
279
509
89
986
172
106
507
416
927
397
646
827
518
17
746
776
414
254
759
294
836
867
969
578
785
978
653
145
512
894
480
177
26
234
113
433
321
773
775
750
687
490
560
799
405
767
838
99
792
565
658
728
610
333
98
723
815
458
425
477
55
588
542
346
180
676
484
175
43
492
809
32
465
690
758
196
800
924
520
959
200
939
920
229
38
631
271
630
94
943
21
100
326
701
114
151
840
546
591
650
632
97
296
68
618
441
744
62
834
522
302
19
350
360
178
247
316
335
131
793
937
665
146
328
64
150
65
192
828
