-29070517947 29070507981 -9966
-41071798625 41071788659 -9966
-43153777972 43153768006 -9966
-11701926455 11701916582 -9873
-14603106173 14603096300 -9873
-31956676456 31956666676 -9780
-43451634117 43451624337 -9780
-69952564580 69952554800 -9780
-2257917124 2257907345 -9779
-3457174219 3457164533 -9686
-71477710070 71477700384 -9686
-23344576510 23344566916 -9594
-41741027004 41741017504 -9500
-97706819977 97706810570 -9407
-7379078822 7379069508 -9314
-29672417478 29672408164 -9314
-88310175384 88310166070 -9314
-85999058647 85999049426 -9221
-13962719457 13962710329 -9128
-51605397255 51605388127 -9128
-53504095764 53504086636 -9128
-48830479267 48830470232 -9035
-51473103814 51473094779 -9035
-54048557186 54048548244 -8942
-65073451850 65073442908 -8942
-96994361746 96994352804 -8942
-7001271987 7001263046 -8941
-19265708383 19265699442 -8941
-30447411692 30447402843 -8849
-32561355985 32561347136 -8849
-6157745285 6157736529 -8756
-32057111493 32057102737 -8756
-33530490349 33530481594 -8755
-34065463550 34065454795 -8755
-36200879485 36200870730 -8755
-44872545146 44872536391 -8755
-20375163630 20375155061 -8569
-34197473123 34197464554 -8569
-92477886376 92477877807 -8569
-6145757766 6145749383 -8383
-53323407077 53323398695 -8382
-50323657948 50323649658 -8290
-71380996226 71380987936 -8290
-84552961209 84552952919 -8290
-99136366323 99136358126 -8197
-81366773128 81366765024 -8104
-93518985899 93518977795 -8104
-4197420601 4197412498 -8103
-51858360857 51858352754 -8103
-67388534438 67388526335 -8103
-46830585482 46830577471 -8011
-47742452449 47742444438 -8011
-74750708219 74750700208 -8011
-35738261946 35738253936 -8010
-74658162042 74658154032 -8010
-7337358831 7337350913 -7918
-22878728120 22878720202 -7918
-8214280805 8214272888 -7917
-16489933579 16489925662 -7917
-40039493861 40039485944 -7917
-18914548364 18914540539 -7825
-50629163790 50629155966 -7824
-16251765153 16251757422 -7731
-59903127030 59903119299 -7731
-67410849672 67410842034 -7638
-82054665304 82054657760 -7544
-90134636029 90134628485 -7544
-5234594972 5234587520 -7452
-47443084954 47443077595 -7359
-84713825949 84713818684 -7265
-84879494545 84879487280 -7265
-31668300988 31668293816 -7172
-41145336415 41145329243 -7172
-42015948586 42015941414 -7172
-57276573013 57276565841 -7172
-68808924672 68808917686 -6986
-36738407490 36738400597 -6893
-37268005935 37267999042 -6893
-62675911451 62675904558 -6893
-82111291300 82111284407 -6893
-29118389324 29118382525 -6799
-32185157357 32185150558 -6799
-25178068842 25178062135 -6707
-31418911150 31418904443 -6707
-37448931550 37448924843 -6707
-48275419860 48275413153 -6707
-55671746450 55671739743 -6707
-17902332320 17902325614 -6706
-74355899717 74355893011 -6706
-90947539914 90947533208 -6706
-74079537753 74079531139 -6614
-74861882988 74861876375 -6613
-82408893659 82408887046 -6613
-7509499559 7509493039 -6520
-18995749168 18995742648 -6520
-77458006879 77458000452 -6427
-98706220742 98706214315 -6427
-12165474572 12165468238 -6334
-31009195900 31009189566 -6334
-46855965978 46855959644 -6334
-53580188637 53580182303 -6334
-70292256107 70292249773 -6334
-5435838041 5435831800 -6241
-37061297678 37061291438 -6240
-65905873183 65905867035 -6148
-69758261075 69758254927 -6148
-82785665143 82785659089 -6054
-25753805659 25753799698 -5961
-27981761437 27981755476 -5961
-1876069933 1876064064 -5869
-3732552708 3732546839 -5869
-21602981129 21602975261 -5868
-77706332961 77706327185 -5776
-10812756471 10812750696 -5775
-17460945956 17460940181 -5775
-31220006725 31220000950 -5775
-34474766131 34474760449 -5682
-419190666 419185077 -5589
-2320474900 2320469311 -5589
-94973015131 94973009543 -5588
-9811149310 9811143814 -5496
-16432103942 16432098446 -5496
-16536455749 16536450254 -5495
-67437511668 67437506265 -5403
-13756793791 13756788481 -5310
-93945554642 93945549332 -5310
-91894249894 91894244585 -5309
-42188071247 42188066030 -5217
-55011516510 55011511293 -5217
-55435525792 55435520576 -5216
-3167025142 3167020018 -5124
-33108840480 33108835356 -5124
-46608647400 46608642277 -5123
-72736143495 72736138372 -5123
-37171140564 37171135534 -5030
-53099656270 53099651240 -5030
-80388510032 80388505002 -5030
-96889989915 96889984885 -5030
-59951554221 59951549284 -4937
-91719980255 91719975318 -4937
-4701282506 4701277662 -4844
-18103485051 18103480207 -4844
-43309692174 43309687330 -4844
-62284408493 62284403649 -4844
-2431635514 2431630763 -4751
-78482905486 78482900736 -4750
-32900888349 32900883691 -4658
-57489006761 57489002196 -4565
-60492528212 60492523648 -4564
-93660410025 93660405461 -4564
-2575105384 2575101006 -4378
-86460039945 86460035567 -4378
-99451879133 99451874755 -4378
-11660782859 11660778574 -4285
-34552746702 34552742417 -4285
-56134612280 56134608181 -4099
-86596721126 86596717027 -4099
-96877223532 96877219433 -4099
-7896073027 7896069021 -4006
-38157352311 38157348305 -4006
-66496155489 66496151483 -4006
-84819427219 84819423213 -4006
-32863251182 32863247177 -4005
-25955099765 25955095852 -3913
-63891013230 63891009317 -3913
-81696934804 81696930891 -3913
-84019332838 84019328925 -3913
-6123796900 6123793081 -3819
-77270641354 77270637535 -3819
-12104748801 12104745075 -3726
-15855109932 15855106206 -3726
-62594178581 62594174855 -3726
-71302890485 71302886852 -3633
-21069398859 21069395319 -3540
-55231922845 55231919305 -3540
-66482370425 66482366885 -3540
-95710021628 95710018088 -3540
-96693959924 96693956384 -3540
-99068488181 99068484641 -3540
-18809818905 18809815458 -3447
-26629289485 26629286038 -3447
-31710900335 31710896888 -3447
-32587496719 32587493272 -3447
-52156446480 52156443126 -3354
-61571710260 61571706906 -3354
-15327511968 15327508708 -3260
-52153196443 52153193276 -3167
-9881207026 9881204045 -2981
-37921098591 37921095610 -2981
-62157434394 62157431413 -2981
-26806622524 26806619636 -2888
-48922774079 48922771191 -2888
-2131108243 2131105448 -2795
-77902177060 77902174265 -2795
-28768132408 28768129706 -2702
-62870286388 62870283780 -2608
-65203362408 65203359800 -2608
-33904856320 33904853804 -2516
-54515395758 54515393429 -2329
-62381624134 62381621805 -2329
-5550362406 5550360169 -2237
-32756378657 32756376421 -2236
-78912999006 78912996770 -2236
-88631549100 88631546957 -2143
-78629983021 78629980971 -2050
-28851690949 28851688992 -1957
-69947859073 69947857116 -1957
-86121938372 86121936415 -1957
-13723671490 13723669719 -1771
-54256764872 54256763101 -1771
-87722316938 87722315167 -1771
-38344676671 38344674994 -1677
-50308716647 50308714970 -1677
-78422729382 78422727705 -1677
-83119617954 83119616277 -1677
-72142968035 72142966451 -1584
-3825893581 3825892090 -1491
-51407349460 51407347969 -1491
-81803253378 81803251980 -1398
-91771258597 91771257199 -1398
-79392984035 79392982730 -1305
-8220505486 8220504274 -1212
-42217680879 42217679667 -1212
-54342586806 54342585594 -1212
-81142200708 81142199496 -1212
-17627850044 17627848925 -1119
-41153521157 41153520038 -1119
-54603964722 54603963603 -1119
-43343211498 43343210380 -1118
-58712147996 58712146970 -1026
-88863620157 88863619225 -932
-88893104712 88893103780 -932
-32015981960 32015981120 -840
-36533294868 36533294122 -746
-59030761737 59030760991 -746
-60870187712 60870187059 -653
-25584015216 25584014749 -467
-49525468308 49525467841 -467
-53414104671 53414104298 -373
-57278808559 57278808186 -373
-64493392858 64493392577 -281
-72405162814 72405162533 -281
-42106917195 42106917007 -188
-38603495685 38603495498 -187
-82822657 82822563 -94
-47197338728 47197338634 -94
-49243251304 49243251210 -94
-33983656454 33983656453 -1
79326246389 -79326246297 92
36178247228 -36178246949 279
99574917461 -99574917089 372
91651555053 -91651554589 464
25895184989 -25895184524 465
57567329219 -57567328754 465
13100166112 -13100165554 558
42491846411 -42491845853 558
57295368312 -57295367754 558
30335881621 -30335880970 651
43012938621 -43012937970 651
27010151244 -27010150500 744
11544434033 -11544433195 838
74091304640 -74091303710 930
40187507188 -40187506257 931
53114720412 -53114719481 931
85342365589 -85342364566 1023
24145621771 -24145620747 1024
91614419776 -91614418567 1209
47447914419 -47447913209 1210
13818048273 -13818046877 1396
90245400085 -90245398596 1489
93737237804 -93737236315 1489
81592734987 -81592733405 1582
94254332312 -94254330730 1582
55904587337 -55904585662 1675
57452606483 -57452604807 1676
72064026525 -72064024849 1676
45633820977 -45633819209 1768
71350690243 -71350688474 1769
82578365869 -82578364100 1769
44584176197 -44584174336 1861
90148492897 -90148491036 1861
47015689381 -47015687427 1954
55572620199 -55572618245 1954
37415491201 -37415489153 2048
69044965398 -69044963350 2048
76155210368 -76155208227 2141
3174059699 -3174057465 2234
77195394028 -77195391701 2327
38068157126 -38068154798 2328
5028388325 -5028385905 2420
58794549181 -58794546761 2420
65209490975 -65209488555 2420
53388163053 -53388160632 2421
54161236786 -54161234365 2421
29111560028 -29111557514 2514
41248194659 -41248192053 2606
60223960764 -60223958158 2606
60818957146 -60818954539 2607
1156159351 -1156156651 2700
17387378922 -17387376129 2793
64795963822 -64795961029 2793
28111779935 -28111777049 2886
28836554628 -28836551742 2886
90257096472 -90257093493 2979
76483415708 -76483412728 2980
12381007947 -12381004874 3073
17540516759 -17540513686 3073
33983659527 -33983656454 3073
92540826179 -92540823106 3073
29473962322 -29473959157 3165
39698734478 -39698731313 3165
65531064460 -65531061295 3165
46702821714 -46702818548 3166
92292183727 -92292180561 3166
9726797374 -9726794116 3258
23098200989 -23098197730 3259
73329561005 -73329557746 3259
88297238940 -88297235681 3259
19901423864 -19901420512 3352
31149044880 -31149041528 3352
42081477931 -42081474579 3352
62282610015 -62282606663 3352
95369102058 -95369098706 3352
3617627966 -3617624428 3538
21152253505 -21152249967 3538
68492297906 -68492294368 3538
54631367211 -54631363580 3631
80834006602 -80834002971 3631
50805010996 -50805007271 3725
20024304427 -20024300609 3818
38937755086 -38937751176 3910
79412553449 -79412549539 3910
50300716771 -50300712768 4003
15218500846 -15218496842 4004
33835398374 -33835394278 4096
472828420 -472824323 4097
1056323247 -1056319150 4097
16894782109 -16894778012 4097
21079757586 -21079753489 4097
40600943258 -40600939161 4097
89801602899 -89801598802 4097
61047644149 -61047639866 4283
73339634469 -73339630186 4283
2251939057 -2251934681 4376
15954799724 -15954795348 4376
90726512293 -90726507917 4376
84008235663 -84008231286 4377
24790338484 -24790334015 4469
51074026129 -51074021660 4469
73886170598 -73886166129 4469
79261265219 -79261260750 4469
80736422622 -80736418153 4469
81061606286 -81061601817 4469
82002498759 -82002494290 4469
64159001952 -64158997482 4470
53019443225 -53019438663 4562
44180177219 -44180172656 4563
43304186474 -43304181818 4656
43587184205 -43587179549 4656
68496774681 -68496770025 4656
99696095846 -99696091190 4656
68199980151 -68199975402 4749
75618530891 -75618526142 4749
12547065928 -12547061086 4842
53640251119 -53640246277 4842
68913318574 -68913313639 4935
50626794598 -50626789570 5028
15774085054 -15774080025 5029
44164046898 -44164041777 5121
48601496195 -48601491074 5121
10828919480 -10828914173 5307
35260389621 -35260384221 5400
35568710479 -35568705079 5400
4100870389 -4100864988 5401
55133700815 -55133695414 5401
79357648817 -79357643416 5401
60961734392 -60961728898 5494
97178459445 -97178453951 5494
85937272191 -85937266605 5586
71869851356 -71869845769 5587
51665635570 -51665629890 5680
84241585984 -84241580211 5773
41945756386 -41945750612 5774
45735845223 -45735839357 5866
65262003971 -65261998105 5866
3882712174 -3882706307 5867
51158428355 -51158422396 5959
52535217140 -52535211180 5960
90836930363 -90836924311 6052
24405401537 -24405395484 6053
42689072314 -42689066261 6053
65203359800 -65203353747 6053
69864591290 -69864585237 6053
18316976501 -18316970356 6145
14496091340 -14496085102 6238
6280830179 -6280823940 6239
43798619110 -43798612871 6239
73387424821 -73387418582 6239
92346386142 -92346379903 6239
60525516774 -60525510442 6332
74564275878 -74564269546 6332
89845791733 -89845785401 6332
10448496281 -10448489856 6425
33150940729 -33150934304 6425
71562038814 -71562032389 6425
79060906627 -79060900202 6425
88539457595 -88539451170 6425
89946022345 -89946015920 6425
65292014631 -65292008205 6426
52428480867 -52428474256 6611
14015269053 -14015262348 6705
61547427979 -61547421274 6705
63271542900 -63271536010 6890
30597771113 -30597764222 6891
30865210169 -30865203278 6891
53982767255 -53982760364 6891
51712018694 -51712011710 6984
18997807949 -18997800872 7077
88675554836 -88675547759 7077
92032225053 -92032217976 7077
13692808669 -13692801499 7170
31419800096 -31419792926 7170
31747677052 -31747669882 7170
33400077993 -33400070730 7263
8807795452 -8807788095 7357
39889330482 -39889323125 7357
63111907692 -63111900335 7357
63432262913 -63432255371 7542
21434814073 -21434806437 7636
67892973668 -67892966032 7636
83721390731 -83721383095 7636
23289465216 -23289457487 7729
425982708 -425974886 7822
24228293599 -24228285777 7822
44364487167 -44364479345 7822
54181422830 -54181415008 7822
33051419320 -33051411497 7823
38168209017 -38168201102 7915
43309687330 -43309679415 7915
49371129250 -49371121335 7915
56779878473 -56779870558 7915
82486897605 -82486889690 7915
61584465560 -61584457551 8009
10811429149 -10811421048 8101
67409036479 -67409028378 8101
31988799633 -31988791531 8102
89278851723 -89278843529 8194
43249353740 -43249345545 8195
44928685550 -44928677355 8195
82918541497 -82918533210 8287
79775821315 -79775813027 8288
32511849856 -32511841475 8381
26193747541 -26193739067 8474
64243665693 -64243657219 8474
69731551580 -69731543106 8474
84575191505 -84575183031 8474
10722540184 -10722531617 8567
19745502490 -19745493923 8567
48742757061 -48742748494 8567
51580580580 -51580571827 8753
69788432572 -69788423726 8846
78143081151 -78143072305 8846
94994117969 -94994109122 8847
43228391158 -43228382219 8939
54738813245 -54738804305 8940
23112609946 -23112600913 9033
72991401782 -72991392749 9033
12212085962 -12212076743 9219
29410332780 -29410323468 9312
24295013269 -24295003771 9498
47751976897 -47751967399 9498
87568157998 -87568148500 9498
56075001115 -56074991616 9499
24943877069 -24943867478 9591
31307901316 -31307891725 9591
98698046057 -98698036466 9591
16621612998 -16621603406 9592
1255792612 -1255782928 9684
1807672112 -1807662427 9685
64399646485 -64399636800 9685
76883597754 -76883588069 9685
24241659941 -24241650163 9778
76659788739 -76659778961 9778
9147376990 -9147367119 9871
22192602754 -22192592883 9871
52535754047 -52535744176 9871
64162383304 -64162373433 9871
72096885634 -72096875763 9871
73664960066 -73664950195 9871
18043757285 -18043747413 9872
24841286672 -24841276708 9964
72134684199 -72134674235 9964
82572315345 -82572305381 9964
